1 9178 9178 9178
2 9272 9272 9272
3 8931 8931 8931
4 8180 8180 8180
5 7084 7084 7084
6 5750 5750 5750
7 4310 4310 4310
8 2913 2913 2913
9 1707 1707 1707
10 823 823 823
11 359 359 359
12 372 372 372
13 870 870 870
14 1807 1807 1807
15 3090 3090 3090
16 4587 4587 4587
17 6142 6142 6142
18 7591 7591 7591
19 8778 8778 8778
20 9576 9576 9576
21 9896 9896 9896
22 9704 9704 9704
23 9016 9016 9016
24 7906 7906 7906
25 6490 6490 6490
26 4918 4918 4918
27 3358 3358 3358
28 1975 1975 1975
29 914 914 914
30 286 286 286
31 154 154 154
32 529 529 529
33 1365 1365 1365
34 2571 2571 2571
35 4016 4016 4016
36 5545 5545 5545
37 6998 6998 6998
38 8224 8224 8224
39 9099 9099 9099
40 9540 9540 9540
41 9509 9509 9509
42 9019 9019 9019
43 8130 8130 8130
44 6943 6943 6943
45 5586 5586 5586
46 4200 4200 4200
47 2926 2926 2926
48 1890 1890 1890
49 1188 1188 1188
50 880 880 880
51 986 986 986
52 1481 1481 1481
53 2304 2304 2304
54 3365 3365 3365
55 4553 4553 4553
56 5750 5750 5750
57 6842 6842 6842
58 7729 7729 7729
59 8335 8335 8335
60 8614 8614 8614
61 8551 8551 8551
62 8163 8163 8163
63 7498 7498 7498
64 6622 6622 6622
65 5621 5621 5621
66 4587 4587 4587
67 3611 3611 3611
68 2776 2776 2776
69 2151 2151 2151
70 1785 1785 1785
71 1704 1704 1704
72 1913 1913 1913
73 2389 2389 2389
74 3091 3091 3091
75 3958 3958 3958
76 4918 4918 4918
77 5890 5890 5890
78 6790 6790 6790
79 7541 7541 7541
80 8077 8077 8077
81 8346 8346 8346
82 8320 8320 8320
83 7993 7993 7993
84 7387 7387 7387
85 6548 6548 6548
86 5545 5545 5545
87 4466 4466 4466
88 3408 3408 3408
89 2472 2472 2472
90 1749 1749 1749
91 1317 1317 1317
92 1228 1228 1228
93 1503 1503 1503
94 2128 2128 2128
95 3054 3054 3054
96 4200 4200 4200
97 5457 5457 5457
98 6705 6705 6705
99 7815 7815 7815
100 8672 8672 8672
101 9178 9178 9178
102 9272 9272 9272
103 8931 8931 8931
104 8180 8180 8180
105 7084 7084 7084
106 5750 5750 5750
107 4310 4310 4310
108 2913 2913 2913
109 1707 1707 1707
110 823 823 823
111 359 359 359
112 372 372 372
113 870 870 870
114 1807 1807 1807
115 3090 3090 3090
116 4587 4587 4587
117 6142 6142 6142
118 7591 7591 7591
119 8778 8778 8778
120 9576 9576 9576
121 9896 9896 9896
122 9704 9704 9704
123 9016 9016 9016
124 7906 7906 7906
125 6490 6490 6490
126 4918 4918 4918
127 3358 3358 3358
128 1975 1975 1975
129 914 914 914
130 286 286 286
131 154 154 154
132 529 529 529
133 1365 1365 1365
134 2571 2571 2571
135 4016 4016 4016
136 5545 5545 5545
137 6998 6998 6998
138 8224 8224 8224
139 9099 9099 9099
140 9540 9540 9540
141 9509 9509 9509
142 9019 9019 9019
143 8130 8130 8130
144 6943 6943 6943
145 5586 5586 5586
146 4200 4200 4200
147 2926 2926 2926
148 1890 1890 1890
149 1188 1188 1188
150 880 880 880
151 986 986 986
152 1481 1481 1481
153 2304 2304 2304
154 3365 3365 3365
155 4553 4553 4553
156 5750 5750 5750
157 6842 6842 6842
158 7729 7729 7729
159 8335 8335 8335
160 8614 8614 8614
161 8551 8551 8551
162 8163 8163 8163
163 7498 7498 7498
164 6622 6622 6622
165 5621 5621 5621
166 4587 4587 4587
167 3611 3611 3611
168 2776 2776 2776
169 2151 2151 2151
170 1785 1785 1785
171 1704 1704 1704
172 1913 1913 1913
173 2389 2389 2389
174 3091 3091 3091
175 3958 3958 3958
176 4918 4918 4918
177 5890 5890 5890
178 6790 6790 6790
179 7541 7541 7541
180 8077 8077 8077
181 8346 8346 8346
182 8320 8320 8320
183 7993 7993 7993
184 7387 7387 7387
185 6548 6548 6548
186 5545 5545 5545
187 4466 4466 4466
188 3408 3408 3408
189 2472 2472 2472
190 1749 1749 1749
191 1317 1317 1317
192 1228 1228 1228
193 1503 1503 1503
194 2128 2128 2128
195 3054 3054 3054
196 4200 4200 4200
197 5457 5457 5457
198 6705 6705 6705
199 7815 7815 7815
200 8672 8672 8672
201 9178 9178 9178
202 9272 9272 9272
203 8931 8931 8931
204 8180 8180 8180
205 7084 7084 7084
206 5750 5750 5750
207 4310 4310 4310
208 2913 2913 2913
209 1707 1707 1707
210 823 823 823
211 359 359 359
212 372 372 372
213 870 870 870
214 1807 1807 1807
215 3090 3090 3090
216 4587 4587 4587
217 6142 6142 6142
218 7591 7591 7591
219 8778 8778 8778
220 9576 9576 9576
221 9896 9896 9896
222 9704 9704 9704
223 9016 9016 9016
224 7906 7906 7906
225 6490 6490 6490
226 4918 4918 4918
227 3358 3358 3358
228 1975 1975 1975
229 914 914 914
230 286 286 286
231 154 154 154
232 529 529 529
233 1365 1365 1365
234 2571 2571 2571
235 4016 4016 4016
236 5545 5545 5545
237 6998 6998 6998
238 8224 8224 8224
239 9099 9099 9099
240 9540 9540 9540
241 9509 9509 9509
242 9019 9019 9019
243 8130 8130 8130
244 6943 6943 6943
245 5586 5586 5586
246 4200 4200 4200
247 2926 2926 2926
248 1890 1890 1890
249 1188 1188 1188
250 880 880 880
251 986 986 986
252 1481 1481 1481
253 2304 2304 2304
254 3365 3365 3365
255 4553 4553 4553
256 5750 5750 5750
257 6842 6842 6842
258 7729 7729 7729
259 8335 8335 8335
260 8614 8614 8614
261 8551 8551 8551
262 8163 8163 8163
263 7498 7498 7498
264 6622 6622 6622
265 5621 5621 5621
266 4587 4587 4587
267 3611 3611 3611
268 2776 2776 2776
269 2151 2151 2151
270 1785 1785 1785
271 1704 1704 1704
272 1913 1913 1913
273 2389 2389 2389
274 3091 3091 3091
275 3958 3958 3958
276 4918 4918 4918
277 5890 5890 5890
278 6790 6790 6790
279 7541 7541 7541
280 8077 8077 8077
281 8346 8346 8346
282 8320 8320 8320
283 7993 7993 7993
284 7387 7387 7387
285 6548 6548 6548
286 5545 5545 5545
287 4466 4466 4466
288 3408 3408 3408
289 2472 2472 2472
290 1749 1749 1749
291 1317 1317 1317
292 1228 1228 1228
293 1503 1503 1503
294 2128 2128 2128
295 3054 3054 3054
296 4200 4200 4200
297 5457 5457 5457
298 6705 6705 6705
299 7815 7815 7815
300 8672 8672 8672
301 9178 9178 9178
302 9272 9272 9272
303 8931 8931 8931
304 8180 8180 8180
305 7084 7084 7084
306 5750 5750 5750
307 4310 4310 4310
308 2913 2913 2913
309 1707 1707 1707
310 823 823 823
311 359 359 359
312 372 372 372
313 870 870 870
314 1807 1807 1807
315 3090 3090 3090
316 4587 4587 4587
317 6142 6142 6142
318 7591 7591 7591
319 8778 8778 8778
320 9576 9576 9576
321 9896 9896 9896
322 9704 9704 9704
323 9016 9016 9016
324 7906 7906 7906
325 6490 6490 6490
326 4918 4918 4918
327 3358 3358 3358
328 1975 1975 1975
329 914 914 914
330 286 286 286
331 154 154 154
332 529 529 529
333 1365 1365 1365
334 2571 2571 2571
335 4016 4016 4016
336 5545 5545 5545
337 6998 6998 6998
338 8224 8224 8224
339 9099 9099 9099
340 9540 9540 9540
341 9509 9509 9509
342 9019 9019 9019
343 8130 8130 8130
344 6943 6943 6943
345 5586 5586 5586
346 4200 4200 4200
347 2926 2926 2926
348 1890 1890 1890
349 1188 1188 1188
350 880 880 880
351 986 986 986
352 1481 1481 1481
353 2304 2304 2304
354 3365 3365 3365
355 4553 4553 4553
356 5750 5750 5750
357 6842 6842 6842
358 7729 7729 7729
359 8335 8335 8335
360 8614 8614 8614
361 8551 8551 8551
362 8163 8163 8163
363 7498 7498 7498
364 6622 6622 6622
365 5621 5621 5621
366 4587 4587 4587
367 3611 3611 3611
368 2776 2776 2776
369 2151 2151 2151
370 1785 1785 1785
371 1704 1704 1704
372 1913 1913 1913
373 2389 2389 2389
374 3091 3091 3091
375 3958 3958 3958
376 4918 4918 4918
377 5890 5890 5890
378 6790 6790 6790
379 7541 7541 7541
380 8077 8077 8077
381 8346 8346 8346
382 8320 8320 8320
383 7993 7993 7993
384 7387 7387 7387
385 6548 6548 6548
386 5545 5545 5545
387 4466 4466 4466
388 3408 3408 3408
389 2472 2472 2472
390 1749 1749 1749
391 1317 1317 1317
392 1228 1228 1228
393 1503 1503 1503
394 2128 2128 2128
395 3054 3054 3054
396 4200 4200 4200
397 5457 5457 5457
398 6705 6705 6705
399 7815 7815 7815
400 8672 8672 8672
401 9178 9178 9178
402 9272 9272 9272
403 8931 8931 8931
404 8180 8180 8180
405 7084 7084 7084
406 5750 5750 5750
407 4310 4310 4310
408 2913 2913 2913
409 1707 1707 1707
410 823 823 823
411 359 359 359
412 372 372 372
413 870 870 870
414 1807 1807 1807
415 3090 3090 3090
416 4587 4587 4587
417 6142 6142 6142
418 7591 7591 7591
419 8778 8778 8778
420 9576 9576 9576
421 9896 9896 9896
422 9704 9704 9704
423 9016 9016 9016
424 7906 7906 7906
425 6490 6490 6490
426 4918 4918 4918
427 3358 3358 3358
428 1975 1975 1975
429 914 914 914
430 286 286 286
431 154 154 154
432 529 529 529
433 1365 1365 1365
434 2571 2571 2571
435 4016 4016 4016
436 5545 5545 5545
437 6998 6998 6998
438 8224 8224 8224
439 9099 9099 9099
440 9540 9540 9540
441 9509 9509 9509
442 9019 9019 9019
443 8130 8130 8130
444 6943 6943 6943
445 5586 5586 5586
446 4200 4200 4200
447 2926 2926 2926
448 1890 1890 1890
449 1188 1188 1188
450 880 880 880
451 986 986 986
452 1481 1481 1481
453 2304 2304 2304
454 3365 3365 3365
455 4553 4553 4553
456 5750 5750 5750
457 6842 6842 6842
458 7729 7729 7729
459 8335 8335 8335
460 8614 8614 8614
461 8551 8551 8551
462 8163 8163 8163
463 7498 7498 7498
464 6622 6622 6622
465 5621 5621 5621
466 4587 4587 4587
467 3611 3611 3611
468 2776 2776 2776
469 2151 2151 2151
470 1785 1785 1785
471 1704 1704 1704
472 1913 1913 1913
473 2389 2389 2389
474 3091 3091 3091
475 3958 3958 3958
476 4918 4918 4918
477 5890 5890 5890
478 6790 6790 6790
479 7541 7541 7541
480 8077 8077 8077
481 8346 8346 8346
482 8320 8320 8320
483 7993 7993 7993
484 7387 7387 7387
485 6548 6548 6548
486 5545 5545 5545
487 4466 4466 4466
488 3408 3408 3408
489 2472 2472 2472
490 1749 1749 1749
491 1317 1317 1317
492 1228 1228 1228
493 1503 1503 1503
494 2128 2128 2128
495 3054 3054 3054
496 4200 4200 4200
497 5457 5457 5457
498 6705 6705 6705
499 7815 7815 7815
500 8672 8672 8672
501 9178 9178 9178
502 9272 9272 9272
503 8931 8931 8931
504 8180 8180 8180
505 7084 7084 7084
506 5750 5750 5750
507 4310 4310 4310
508 2913 2913 2913
509 1707 1707 1707
510 823 823 823
511 359 359 359
512 372 372 372
513 870 870 870
514 1807 1807 1807
515 3090 3090 3090
516 4587 4587 4587
517 6142 6142 6142
518 7591 7591 7591
519 8778 8778 8778
520 9576 9576 9576
521 9896 9896 9896
522 9704 9704 9704
523 9016 9016 9016
524 7906 7906 7906
525 6490 6490 6490
526 4918 4918 4918
527 3358 3358 3358
528 1975 1975 1975
529 914 914 914
530 286 286 286
531 154 154 154
532 529 529 529
533 1365 1365 1365
534 2571 2571 2571
535 4016 4016 4016
536 5545 5545 5545
537 6998 6998 6998
538 8224 8224 8224
539 9099 9099 9099
540 9540 9540 9540
541 9509 9509 9509
542 9019 9019 9019
543 8130 8130 8130
544 6943 6943 6943
545 5586 5586 5586
546 4200 4200 4200
547 2926 2926 2926
548 1890 1890 1890
549 1188 1188 1188
550 880 880 880
551 986 986 986
552 1481 1481 1481
553 2304 2304 2304
554 3365 3365 3365
555 4553 4553 4553
556 5750 5750 5750
557 6842 6842 6842
558 7729 7729 7729
559 8335 8335 8335
560 8614 8614 8614
561 8551 8551 8551
562 8163 8163 8163
563 7498 7498 7498
564 6622 6622 6622
565 5621 5621 5621
566 4587 4587 4587
567 3611 3611 3611
568 2776 2776 2776
569 2151 2151 2151
570 1785 1785 1785
571 1704 1704 1704
572 1913 1913 1913
573 2389 2389 2389
574 3091 3091 3091
575 3958 3958 3958
576 4918 4918 4918
577 5890 5890 5890
578 6790 6790 6790
579 7541 7541 7541
580 8077 8077 8077
581 8346 8346 8346
582 8320 8320 8320
583 7993 7993 7993
584 7387 7387 7387
585 6548 6548 6548
586 5545 5545 5545
587 4466 4466 4466
588 3408 3408 3408
589 2472 2472 2472
590 1749 1749 1749
591 1317 1317 1317
592 1228 1228 1228
593 1503 1503 1503
594 2128 2128 2128
595 3054 3054 3054
596 4200 4200 4200
597 5457 5457 5457
598 6705 6705 6705
599 7815 7815 7815
600 8672 8672 8672
601 9178 9178 9178
602 9272 9272 9272
603 8931 8931 8931
604 8180 8180 8180
605 7084 7084 7084
606 5750 5750 5750
607 4310 4310 4310
608 2913 2913 2913
609 1707 1707 1707
610 823 823 823
611 359 359 359
612 372 372 372
613 870 870 870
614 1807 1807 1807
615 3090 3090 3090
616 4587 4587 4587
617 6142 6142 6142
618 7591 7591 7591
619 8778 8778 8778
620 9576 9576 9576
621 9896 9896 9896
622 9704 9704 9704
623 9016 9016 9016
624 7906 7906 7906
625 6490 6490 6490
626 4918 4918 4918
627 3358 3358 3358
628 1975 1975 1975
629 914 914 914
630 286 286 286
631 154 154 154
632 529 529 529
633 1365 1365 1365
634 2571 2571 2571
635 4016 4016 4016
636 5545 5545 5545
637 6998 6998 6998
638 8224 8224 8224
639 9099 9099 9099
640 9540 9540 9540
641 9509 9509 9509
642 9019 9019 9019
643 8130 8130 8130
644 6943 6943 6943
645 5586 5586 5586
646 4200 4200 4200
647 2926 2926 2926
648 1890 1890 1890
649 1188 1188 1188
650 880 880 880
651 986 986 986
652 1481 1481 1481
653 2304 2304 2304
654 3365 3365 3365
655 4553 4553 4553
656 5750 5750 5750
657 6842 6842 6842
658 7729 7729 7729
659 8335 8335 8335
660 8614 8614 8614
661 8551 8551 8551
662 8163 8163 8163
663 7498 7498 7498
664 6622 6622 6622
665 5621 5621 5621
666 4587 4587 4587
667 3611 3611 3611
668 2776 2776 2776
669 2151 2151 2151
670 1785 1785 1785
671 1704 1704 1704
672 1913 1913 1913
673 2389 2389 2389
674 3091 3091 3091
675 3958 3958 3958
676 4918 4918 4918
677 5890 5890 5890
678 6790 6790 6790
679 7541 7541 7541
680 8077 8077 8077
681 8346 8346 8346
682 8320 8320 8320
683 7993 7993 7993
684 7387 7387 7387
685 6548 6548 6548
686 5545 5545 5545
687 4466 4466 4466
688 3408 3408 3408
689 2472 2472 2472
690 1749 1749 1749
691 1317 1317 1317
692 1228 1228 1228
693 1503 1503 1503
694 2128 2128 2128
695 3054 3054 3054
696 4200 4200 4200
697 5457 5457 5457
698 6705 6705 6705
699 7815 7815 7815
700 8672 8672 8672
701 9178 9178 9178
702 9272 9272 9272
703 8931 8931 8931
704 8180 8180 8180
705 7084 7084 7084
706 5750 5750 5750
707 4310 4310 4310
708 2913 2913 2913
709 1707 1707 1707
710 823 823 823
711 359 359 359
712 372 372 372
713 870 870 870
714 1807 1807 1807
715 3090 3090 3090
716 4587 4587 4587
717 6142 6142 6142
718 7591 7591 7591
719 8778 8778 8778
720 9576 9576 9576
721 9896 9896 9896
722 9704 9704 9704
723 9016 9016 9016
724 7906 7906 7906
725 6490 6490 6490
726 4918 4918 4918
727 3358 3358 3358
728 1975 1975 1975
729 914 914 914
730 286 286 286
731 154 154 154
732 529 529 529
733 1365 1365 1365
734 2571 2571 2571
735 4016 4016 4016
736 5545 5545 5545
737 6998 6998 6998
738 8224 8224 8224
739 9099 9099 9099
740 9540 9540 9540
741 9509 9509 9509
742 9019 9019 9019
743 8130 8130 8130
744 6943 6943 6943
745 5586 5586 5586
746 4200 4200 4200
747 2926 2926 2926
748 1890 1890 1890
749 1188 1188 1188
750 880 880 880
751 986 986 986
752 1481 1481 1481
753 2304 2304 2304
754 3365 3365 3365
755 4553 4553 4553
756 5750 5750 5750
757 6842 6842 6842
758 7729 7729 7729
759 8335 8335 8335
760 8614 8614 8614
761 8551 8551 8551
762 8163 8163 8163
763 7498 7498 7498
764 6622 6622 6622
765 5621 5621 5621
766 4587 4587 4587
767 3611 3611 3611
768 2776 2776 2776
769 2151 2151 2151
770 1785 1785 1785
771 1704 1704 1704
772 1913 1913 1913
773 2389 2389 2389
774 3091 3091 3091
775 3958 3958 3958
776 4918 4918 4918
777 5890 5890 5890
778 6790 6790 6790
779 7541 7541 7541
780 8077 8077 8077
781 8346 8346 8346
782 8320 8320 8320
783 7993 7993 7993
784 7387 7387 7387
785 6548 6548 6548
786 5545 5545 5545
787 4466 4466 4466
788 3408 3408 3408
789 2472 2472 2472
790 1749 1749 1749
791 1317 1317 1317
792 1228 1228 1228
793 1503 1503 1503
794 2128 2128 2128
795 3054 3054 3054
796 4200 4200 4200
797 5457 5457 5457
798 6705 6705 6705
799 7815 7815 7815
800 8672 8672 8672
801 9178 9178 9178
802 9272 9272 9272
803 8931 8931 8931
804 8180 8180 8180
805 7084 7084 7084
806 5750 5750 5750
807 4310 4310 4310
808 2913 2913 2913
809 1707 1707 1707
810 823 823 823
811 359 359 359
812 372 372 372
813 870 870 870
814 1807 1807 1807
815 3090 3090 3090
816 4587 4587 4587
817 6142 6142 6142
818 7591 7591 7591
819 8778 8778 8778
820 9576 9576 9576
821 9896 9896 9896
822 9704 9704 9704
823 9016 9016 9016
824 7906 7906 7906
825 6490 6490 6490
826 4918 4918 4918
827 3358 3358 3358
828 1975 1975 1975
829 914 914 914
830 286 286 286
831 154 154 154
832 529 529 529
833 1365 1365 1365
834 2571 2571 2571
835 4016 4016 4016
836 5545 5545 5545
837 6998 6998 6998
838 8224 8224 8224
839 9099 9099 9099
840 9540 9540 9540
841 9509 9509 9509
842 9019 9019 9019
843 8130 8130 8130
844 6943 6943 6943
845 5586 5586 5586
846 4200 4200 4200
847 2926 2926 2926
848 1890 1890 1890
849 1188 1188 1188
850 880 880 880
851 986 986 986
852 1481 1481 1481
853 2304 2304 2304
854 3365 3365 3365
855 4553 4553 4553
856 5750 5750 5750
857 6842 6842 6842
858 7729 7729 7729
859 8335 8335 8335
860 8614 8614 8614
861 8551 8551 8551
862 8163 8163 8163
863 7498 7498 7498
864 6622 6622 6622
865 5621 5621 5621
866 4587 4587 4587
867 3611 3611 3611
868 2776 2776 2776
869 2151 2151 2151
870 1785 1785 1785
871 1704 1704 1704
872 1913 1913 1913
873 2389 2389 2389
874 3091 3091 3091
875 3958 3958 3958
876 4918 4918 4918
877 5890 5890 5890
878 6790 6790 6790
879 7541 7541 7541
880 8077 8077 8077
881 8346 8346 8346
882 8320 8320 8320
883 7993 7993 7993
884 7387 7387 7387
885 6548 6548 6548
886 5545 5545 5545
887 4466 4466 4466
888 3408 3408 3408
889 2472 2472 2472
890 1749 1749 1749
891 1317 1317 1317
892 1228 1228 1228
893 1503 1503 1503
894 2128 2128 2128
895 3054 3054 3054
896 4200 4200 4200
897 5457 5457 5457
898 6705 6705 6705
899 7815 7815 7815
900 8672 8672 8672
901 9178 9178 9178
902 9272 9272 9272
903 8931 8931 8931
904 8180 8180 8180
905 7084 7084 7084
906 5750 5750 5750
907 4310 4310 4310
908 2913 2913 2913
909 1707 1707 1707
910 823 823 823
911 359 359 359
912 372 372 372
913 870 870 870
914 1807 1807 1807
915 3090 3090 3090
916 4587 4587 4587
917 6142 6142 6142
918 7591 7591 7591
919 8778 8778 8778
920 9576 9576 9576
921 9896 9896 9896
922 9704 9704 9704
923 9016 9016 9016
924 7906 7906 7906
925 6490 6490 6490
926 4918 4918 4918
927 3358 3358 3358
928 1975 1975 1975
929 914 914 914
930 286 286 286
931 154 154 154
932 529 529 529
933 1365 1365 1365
934 2571 2571 2571
935 4016 4016 4016
936 5545 5545 5545
937 6998 6998 6998
938 8224 8224 8224
939 9099 9099 9099
940 9540 9540 9540
941 9509 9509 9509
942 9019 9019 9019
943 8130 8130 8130
944 6943 6943 6943
945 5586 5586 5586
946 4200 4200 4200
947 2926 2926 2926
948 1890 1890 1890
949 1188 1188 1188
950 880 880 880
951 986 986 986
952 1481 1481 1481
953 2304 2304 2304
954 3365 3365 3365
955 4553 4553 4553
956 5750 5750 5750
957 6842 6842 6842
958 7729 7729 7729
959 8335 8335 8335
960 8614 8614 8614
961 8551 8551 8551
962 8163 8163 8163
963 7498 7498 7498
964 6622 6622 6622
965 5621 5621 5621
966 4587 4587 4587
967 3611 3611 3611
968 2776 2776 2776
969 2151 2151 2151
970 1785 1785 1785
971 1704 1704 1704
972 1913 1913 1913
973 2389 2389 2389
974 3091 3091 3091
975 3958 3958 3958
976 4918 4918 4918
977 5890 5890 5890
978 6790 6790 6790
979 7541 7541 7541
980 8077 8077 8077
981 8346 8346 8346
982 8320 8320 8320
983 7993 7993 7993
984 7387 7387 7387
985 6548 6548 6548
986 5545 5545 5545
987 4466 4466 4466
988 3408 3408 3408
989 2472 2472 2472
990 1749 1749 1749
991 1317 1317 1317
992 1228 1228 1228
993 1503 1503 1503
994 2128 2128 2128
995 3054 3054 3054
996 4200 4200 4200
997 5457 5457 5457
998 6705 6705 6705
999 7815 7815 7815
1000 8672 8672 8672
1001 9178 9178 9178
1002 9272 9272 9272
1003 8931 8931 8931
1004 8180 8180 8180
1005 7084 7084 7084
1006 5750 5750 5750
1007 4310 4310 4310
1008 2913 2913 2913
1009 1707 1707 1707
1010 823 823 823
1011 359 359 359
1012 372 372 372
1013 870 870 870
1014 1807 1807 1807
1015 3090 3090 3090
1016 4587 4587 4587
1017 6142 6142 6142
1018 7591 7591 7591
1019 8778 8778 8778
1020 9576 9576 9576
1021 9896 9896 9896
1022 9704 9704 9704
1023 9016 9016 9016
1024 7906 7906 7906
1025 6490 6490 6490
1026 4918 4918 4918
1027 3358 3358 3358
1028 1975 1975 1975
1029 914 914 914
1030 286 286 286
1031 154 154 154
1032 529 529 529
1033 1365 1365 1365
1034 2571 2571 2571
1035 4016 4016 4016
1036 5545 5545 5545
1037 6998 6998 6998
1038 8224 8224 8224
1039 9099 9099 9099
1040 9540 9540 9540
1041 9509 9509 9509
1042 9019 9019 9019
1043 8130 8130 8130
1044 6943 6943 6943
1045 5586 5586 5586
1046 4200 4200 4200
1047 2926 2926 2926
1048 1890 1890 1890
1049 1188 1188 1188
1050 880 880 880
1051 986 986 986
1052 1481 1481 1481
1053 2304 2304 2304
1054 3365 3365 3365
1055 4553 4553 4553
1056 5750 5750 5750
1057 6842 6842 6842
1058 7729 7729 7729
1059 8335 8335 8335
1060 8614 8614 8614
1061 8551 8551 8551
1062 8163 8163 8163
1063 7498 7498 7498
1064 6622 6622 6622
1065 5621 5621 5621
1066 4587 4587 4587
1067 3611 3611 3611
1068 2776 2776 2776
1069 2151 2151 2151
1070 1785 1785 1785
1071 1704 1704 1704
1072 1913 1913 1913
1073 2389 2389 2389
1074 3091 3091 3091
1075 3958 3958 3958
1076 4918 4918 4918
1077 5890 5890 5890
1078 6790 6790 6790
1079 7541 7541 7541
1080 8077 8077 8077
1081 8346 8346 8346
1082 8320 8320 8320
1083 7993 7993 7993
1084 7387 7387 7387
1085 6548 6548 6548
1086 5545 5545 5545
1087 4466 4466 4466
1088 3408 3408 3408
1089 2472 2472 2472
1090 1749 1749 1749
1091 1317 1317 1317
1092 1228 1228 1228
1093 1503 1503 1503
1094 2128 2128 2128
1095 3054 3054 3054
1096 4200 4200 4200
1097 5457 5457 5457
1098 6705 6705 6705
1099 7815 7815 7815
1100 8672 8672 8672
1101 9178 9178 9178
1102 9272 9272 9272
1103 8931 8931 8931
1104 8180 8180 8180
1105 7084 7084 7084
1106 5750 5750 5750
1107 4310 4310 4310
1108 2913 2913 2913
1109 1707 1707 1707
1110 823 823 823
1111 359 359 359
1112 372 372 372
1113 870 870 870
1114 1807 1807 1807
1115 3090 3090 3090
1116 4587 4587 4587
1117 6142 6142 6142
1118 7591 7591 7591
1119 8778 8778 8778
1120 9576 9576 9576
1121 9896 9896 9896
1122 9704 9704 9704
1123 9016 9016 9016
1124 7906 7906 7906
1125 6490 6490 6490
1126 4918 4918 4918
1127 3358 3358 3358
1128 1975 1975 1975
1129 914 914 914
1130 286 286 286
1131 154 154 154
1132 529 529 529
1133 1365 1365 1365
1134 2571 2571 2571
1135 4016 4016 4016
1136 5545 5545 5545
1137 6998 6998 6998
1138 8224 8224 8224
1139 9099 9099 9099
1140 9540 9540 9540
1141 9509 9509 9509
1142 9019 9019 9019
1143 8130 8130 8130
1144 6943 6943 6943
1145 5586 5586 5586
1146 4200 4200 4200
1147 2926 2926 2926
1148 1890 1890 1890
1149 1188 1188 1188
1150 880 880 880
1151 986 986 986
1152 1481 1481 1481
1153 2304 2304 2304
1154 3365 3365 3365
1155 4553 4553 4553
1156 5750 5750 5750
1157 6842 6842 6842
1158 7729 7729 7729
1159 8335 8335 8335
1160 8614 8614 8614
1161 8551 8551 8551
1162 8163 8163 8163
1163 7498 7498 7498
1164 6622 6622 6622
1165 5621 5621 5621
1166 4587 4587 4587
1167 3611 3611 3611
1168 2776 2776 2776
1169 2151 2151 2151
1170 1785 1785 1785
1171 1704 1704 1704
1172 1913 1913 1913
1173 2389 2389 2389
1174 3091 3091 3091
1175 3958 3958 3958
1176 4918 4918 4918
1177 5890 5890 5890
1178 6790 6790 6790
1179 7541 7541 7541
1180 8077 8077 8077
1181 8346 8346 8346
1182 8320 8320 8320
1183 7993 7993 7993
1184 7387 7387 7387
1185 6548 6548 6548
1186 5545 5545 5545
1187 4466 4466 4466
1188 3408 3408 3408
1189 2472 2472 2472
1190 1749 1749 1749
1191 1317 1317 1317
1192 1228 1228 1228
1193 1503 1503 1503
1194 2128 2128 2128
1195 3054 3054 3054
1196 4200 4200 4200
1197 5457 5457 5457
1198 6705 6705 6705
1199 7815 7815 7815
1200 8672 8672 8672
1201 9178 9178 9178
1202 9272 9272 9272
1203 8931 8931 8931
1204 8180 8180 8180
1205 7084 7084 7084
1206 5750 5750 5750
1207 4310 4310 4310
1208 2913 2913 2913
1209 1707 1707 1707
1210 823 823 823
1211 359 359 359
1212 372 372 372
1213 870 870 870
1214 1807 1807 1807
1215 3090 3090 3090
1216 4587 4587 4587
1217 6142 6142 6142
1218 7591 7591 7591
1219 8778 8778 8778
1220 9576 9576 9576
1221 9896 9896 9896
1222 9704 9704 9704
1223 9016 9016 9016
1224 7906 7906 7906
1225 6490 6490 6490
1226 4918 4918 4918
1227 3358 3358 3358
1228 1975 1975 1975
1229 914 914 914
1230 286 286 286
1231 154 154 154
1232 529 529 529
1233 1365 1365 1365
1234 2571 2571 2571
1235 4016 4016 4016
1236 5545 5545 5545
1237 6998 6998 6998
1238 8224 8224 8224
1239 9099 9099 9099
1240 9540 9540 9540
1241 9509 9509 9509
1242 9019 9019 9019
1243 8130 8130 8130
1244 6943 6943 6943
1245 5586 5586 5586
1246 4200 4200 4200
1247 2926 2926 2926
1248 1890 1890 1890
1249 1188 1188 1188
1250 880 880 880
1251 986 986 986
1252 1481 1481 1481
1253 2304 2304 2304
1254 3365 3365 3365
1255 4553 4553 4553
1256 5750 5750 5750
1257 6842 6842 6842
1258 7729 7729 7729
1259 8335 8335 8335
1260 8614 8614 8614
1261 8551 8551 8551
1262 8163 8163 8163
1263 7498 7498 7498
1264 6622 6622 6622
1265 5621 5621 5621
1266 4587 4587 4587
1267 3611 3611 3611
1268 2776 2776 2776
1269 2151 2151 2151
1270 1785 1785 1785
1271 1704 1704 1704
1272 1913 1913 1913
1273 2389 2389 2389
1274 3091 3091 3091
1275 3958 3958 3958
1276 4918 4918 4918
1277 5890 5890 5890
1278 6790 6790 6790
1279 7541 7541 7541
1280 8077 8077 8077
1281 8346 8346 8346
1282 8320 8320 8320
1283 7993 7993 7993
1284 7387 7387 7387
1285 6548 6548 6548
1286 5545 5545 5545
1287 4466 4466 4466
1288 3408 3408 3408
1289 2472 2472 2472
1290 1749 1749 1749
1291 1317 1317 1317
1292 1228 1228 1228
1293 1503 1503 1503
1294 2128 2128 2128
1295 3054 3054 3054
1296 4200 4200 4200
1297 5457 5457 5457
1298 6705 6705 6705
1299 7815 7815 7815
1300 8672 8672 8672
1301 9178 9178 9178
1302 9272 9272 9272
1303 8931 8931 8931
1304 8180 8180 8180
1305 7084 7084 7084
1306 5750 5750 5750
1307 4310 4310 4310
1308 2913 2913 2913
1309 1707 1707 1707
1310 823 823 823
1311 359 359 359
1312 372 372 372
1313 870 870 870
1314 1807 1807 1807
1315 3090 3090 3090
1316 4587 4587 4587
1317 6142 6142 6142
1318 7591 7591 7591
1319 8778 8778 8778
1320 9576 9576 9576
1321 9896 9896 9896
1322 9704 9704 9704
1323 9016 9016 9016
1324 7906 7906 7906
1325 6490 6490 6490
1326 4918 4918 4918
1327 3358 3358 3358
1328 1975 1975 1975
1329 914 914 914
1330 286 286 286
1331 154 154 154
1332 529 529 529
1333 1365 1365 1365
1334 2571 2571 2571
1335 4016 4016 4016
1336 5545 5545 5545
1337 6998 6998 6998
1338 8224 8224 8224
1339 9099 9099 9099
1340 9540 9540 9540
1341 9509 9509 9509
1342 9019 9019 9019
1343 8130 8130 8130
1344 6943 6943 6943
1345 5586 5586 5586
1346 4200 4200 4200
1347 2926 2926 2926
1348 1890 1890 1890
1349 1188 1188 1188
1350 880 880 880
1351 986 986 986
1352 1481 1481 1481
1353 2304 2304 2304
1354 3365 3365 3365
1355 4553 4553 4553
1356 5750 5750 5750
1357 6842 6842 6842
1358 7729 7729 7729
1359 8335 8335 8335
1360 8614 8614 8614
1361 8551 8551 8551
1362 8163 8163 8163
1363 7498 7498 7498
1364 6622 6622 6622
1365 5621 5621 5621
1366 4587 4587 4587
1367 3611 3611 3611
1368 2776 2776 2776
1369 2151 2151 2151
1370 1785 1785 1785
1371 1704 1704 1704
1372 1913 1913 1913
1373 2389 2389 2389
1374 3091 3091 3091
1375 3958 3958 3958
1376 4918 4918 4918
1377 5890 5890 5890
1378 6790 6790 6790
1379 7541 7541 7541
1380 8077 8077 8077
1381 8346 8346 8346
1382 8320 8320 8320
1383 7993 7993 7993
1384 7387 7387 7387
1385 6548 6548 6548
1386 5545 5545 5545
1387 4466 4466 4466
1388 3408 3408 3408
1389 2472 2472 2472
1390 1749 1749 1749
1391 1317 1317 1317
1392 1228 1228 1228
1393 1503 1503 1503
1394 2128 2128 2128
1395 3054 3054 3054
1396 4200 4200 4200
1397 5457 5457 5457
1398 6705 6705 6705
1399 7815 7815 7815
1400 8672 8672 8672
1401 9178 9178 9178
1402 9272 9272 9272
1403 8931 8931 8931
1404 8180 8180 8180
1405 7084 7084 7084
1406 5750 5750 5750
1407 4310 4310 4310
1408 2913 2913 2913
1409 1707 1707 1707
1410 823 823 823
1411 359 359 359
1412 372 372 372
1413 870 870 870
1414 1807 1807 1807
1415 3090 3090 3090
1416 4587 4587 4587
1417 6142 6142 6142
1418 7591 7591 7591
1419 8778 8778 8778
1420 9576 9576 9576
1421 9896 9896 9896
1422 9704 9704 9704
1423 9016 9016 9016
1424 7906 7906 7906
1425 6490 6490 6490
1426 4918 4918 4918
1427 3358 3358 3358
1428 1975 1975 1975
1429 914 914 914
1430 286 286 286
1431 154 154 154
1432 529 529 529
1433 1365 1365 1365
1434 2571 2571 2571
1435 4016 4016 4016
1436 5545 5545 5545
1437 6998 6998 6998
1438 8224 8224 8224
1439 9099 9099 9099
1440 9540 9540 9540
1441 9509 9509 9509
1442 9019 9019 9019
1443 8130 8130 8130
1444 6943 6943 6943
1445 5586 5586 5586
1446 4200 4200 4200
1447 2926 2926 2926
1448 1890 1890 1890
1449 1188 1188 1188
1450 880 880 880
1451 986 986 986
1452 1481 1481 1481
1453 2304 2304 2304
1454 3365 3365 3365
1455 4553 4553 4553
1456 5750 5750 5750
1457 6842 6842 6842
1458 7729 7729 7729
1459 8335 8335 8335
1460 8614 8614 8614
1461 8551 8551 8551
1462 8163 8163 8163
1463 7498 7498 7498
1464 6622 6622 6622
1465 5621 5621 5621
1466 4587 4587 4587
1467 3611 3611 3611
1468 2776 2776 2776
1469 2151 2151 2151
1470 1785 1785 1785
1471 1704 1704 1704
1472 1913 1913 1913
1473 2389 2389 2389
1474 3091 3091 3091
1475 3958 3958 3958
1476 4918 4918 4918
1477 5890 5890 5890
1478 6790 6790 6790
1479 7541 7541 7541
1480 8077 8077 8077
1481 8346 8346 8346
1482 8320 8320 8320
1483 7993 7993 7993
1484 7387 7387 7387
1485 6548 6548 6548
1486 5545 5545 5545
1487 4466 4466 4466
1488 3408 3408 3408
1489 2472 2472 2472
1490 1749 1749 1749
1491 1317 1317 1317
1492 1228 1228 1228
1493 1503 1503 1503
1494 2128 2128 2128
1495 3054 3054 3054
1496 4200 4200 4200
1497 5457 5457 5457
1498 6705 6705 6705
1499 7815 7815 7815
1500 8672 8672 8672
1501 9178 9178 9178
1502 9272 9272 9272
1503 8931 8931 8931
1504 8180 8180 8180
1505 7084 7084 7084
1506 5750 5750 5750
1507 4310 4310 4310
1508 2913 2913 2913
1509 1707 1707 1707
1510 823 823 823
1511 359 359 359
1512 372 372 372
1513 870 870 870
1514 1807 1807 1807
1515 3090 3090 3090
1516 4587 4587 4587
1517 6142 6142 6142
1518 7591 7591 7591
1519 8778 8778 8778
1520 9576 9576 9576
1521 9896 9896 9896
1522 9704 9704 9704
1523 9016 9016 9016
1524 7906 7906 7906
1525 6490 6490 6490
1526 4918 4918 4918
1527 3358 3358 3358
1528 1975 1975 1975
1529 914 914 914
1530 286 286 286
1531 154 154 154
1532 529 529 529
1533 1365 1365 1365
1534 2571 2571 2571
1535 4016 4016 4016
1536 5545 5545 5545
1537 6998 6998 6998
1538 8224 8224 8224
1539 9099 9099 9099
1540 9540 9540 9540
1541 9509 9509 9509
1542 9019 9019 9019
1543 8130 8130 8130
1544 6943 6943 6943
1545 5586 5586 5586
1546 4200 4200 4200
1547 2926 2926 2926
1548 1890 1890 1890
1549 1188 1188 1188
1550 880 880 880
1551 986 986 986
1552 1481 1481 1481
1553 2304 2304 2304
1554 3365 3365 3365
1555 4553 4553 4553
1556 5750 5750 5750
1557 6842 6842 6842
1558 7729 7729 7729
1559 8335 8335 8335
1560 8614 8614 8614
1561 8551 8551 8551
1562 8163 8163 8163
1563 7498 7498 7498
1564 6622 6622 6622
1565 5621 5621 5621
1566 4587 4587 4587
1567 3611 3611 3611
1568 2776 2776 2776
1569 2151 2151 2151
1570 1785 1785 1785
1571 1704 1704 1704
1572 1913 1913 1913
1573 2389 2389 2389
1574 3091 3091 3091
1575 3958 3958 3958
1576 4918 4918 4918
1577 5890 5890 5890
1578 6790 6790 6790
1579 7541 7541 7541
1580 8077 8077 8077
1581 8346 8346 8346
1582 8320 8320 8320
1583 7993 7993 7993
1584 7387 7387 7387
1585 6548 6548 6548
1586 5545 5545 5545
1587 4466 4466 4466
1588 3408 3408 3408
1589 2472 2472 2472
1590 1749 1749 1749
1591 1317 1317 1317
1592 1228 1228 1228
1593 1503 1503 1503
1594 2128 2128 2128
1595 3054 3054 3054
1596 4200 4200 4200
1597 5457 5457 5457
1598 6705 6705 6705
1599 7815 7815 7815
1600 8672 8672 8672
1601 9178 9178 9178
1602 9272 9272 9272
1603 8931 8931 8931
1604 8180 8180 8180
1605 7084 7084 7084
1606 5750 5750 5750
1607 4310 4310 4310
1608 2913 2913 2913
1609 1707 1707 1707
1610 823 823 823
1611 359 359 359
1612 372 372 372
1613 870 870 870
1614 1807 1807 1807
1615 3090 3090 3090
1616 4587 4587 4587
1617 6142 6142 6142
1618 7591 7591 7591
1619 8778 8778 8778
1620 9576 9576 9576
1621 9896 9896 9896
1622 9704 9704 9704
1623 9016 9016 9016
1624 7906 7906 7906
1625 6490 6490 6490
1626 4918 4918 4918
1627 3358 3358 3358
1628 1975 1975 1975
1629 914 914 914
1630 286 286 286
1631 154 154 154
1632 529 529 529
1633 1365 1365 1365
1634 2571 2571 2571
1635 4016 4016 4016
1636 5545 5545 5545
1637 6998 6998 6998
1638 8224 8224 8224
1639 9099 9099 9099
1640 9540 9540 9540
1641 9509 9509 9509
1642 9019 9019 9019
1643 8130 8130 8130
1644 6943 6943 6943
1645 5586 5586 5586
1646 4200 4200 4200
1647 2926 2926 2926
1648 1890 1890 1890
1649 1188 1188 1188
1650 880 880 880
1651 986 986 986
1652 1481 1481 1481
1653 2304 2304 2304
1654 3365 3365 3365
1655 4553 4553 4553
1656 5750 5750 5750
1657 6842 6842 6842
1658 7729 7729 7729
1659 8335 8335 8335
1660 8614 8614 8614
1661 8551 8551 8551
1662 8163 8163 8163
1663 7498 7498 7498
1664 6622 6622 6622
1665 5621 5621 5621
1666 4587 4587 4587
1667 3611 3611 3611
1668 2776 2776 2776
1669 2151 2151 2151
1670 1785 1785 1785
1671 1704 1704 1704
1672 1913 1913 1913
1673 2389 2389 2389
1674 3091 3091 3091
1675 3958 3958 3958
1676 4918 4918 4918
1677 5890 5890 5890
1678 6790 6790 6790
1679 7541 7541 7541
1680 8077 8077 8077
1681 8346 8346 8346
1682 8320 8320 8320
1683 7993 7993 7993
1684 7387 7387 7387
1685 6548 6548 6548
1686 5545 5545 5545
1687 4466 4466 4466
1688 3408 3408 3408
1689 2472 2472 2472
1690 1749 1749 1749
1691 1317 1317 1317
1692 1228 1228 1228
1693 1503 1503 1503
1694 2128 2128 2128
1695 3054 3054 3054
1696 4200 4200 4200
1697 5457 5457 5457
1698 6705 6705 6705
1699 7815 7815 7815
1700 8672 8672 8672
1701 9178 9178 9178
1702 9272 9272 9272
1703 8931 8931 8931
1704 8180 8180 8180
1705 7084 7084 7084
1706 5750 5750 5750
1707 4310 4310 4310
1708 2913 2913 2913
1709 1707 1707 1707
1710 823 823 823
1711 359 359 359
1712 372 372 372
1713 870 870 870
1714 1807 1807 1807
1715 3090 3090 3090
1716 4587 4587 4587
1717 6142 6142 6142
1718 7591 7591 7591
1719 8778 8778 8778
1720 9576 9576 9576
1721 9896 9896 9896
1722 9704 9704 9704
1723 9016 9016 9016
1724 7906 7906 7906
1725 6490 6490 6490
1726 4918 4918 4918
1727 3358 3358 3358
1728 1975 1975 1975
1729 914 914 914
1730 286 286 286
1731 154 154 154
1732 529 529 529
1733 1365 1365 1365
1734 2571 2571 2571
1735 4016 4016 4016
1736 5545 5545 5545
1737 6998 6998 6998
1738 8224 8224 8224
1739 9099 9099 9099
1740 9540 9540 9540
1741 9509 9509 9509
1742 9019 9019 9019
1743 8130 8130 8130
1744 6943 6943 6943
1745 5586 5586 5586
1746 4200 4200 4200
1747 2926 2926 2926
1748 1890 1890 1890
1749 1188 1188 1188
1750 880 880 880
1751 986 986 986
1752 1481 1481 1481
1753 2304 2304 2304
1754 3365 3365 3365
1755 4553 4553 4553
1756 5750 5750 5750
1757 6842 6842 6842
1758 7729 7729 7729
1759 8335 8335 8335
1760 8614 8614 8614
1761 8551 8551 8551
1762 8163 8163 8163
1763 7498 7498 7498
1764 6622 6622 6622
1765 5621 5621 5621
1766 4587 4587 4587
1767 3611 3611 3611
1768 2776 2776 2776
1769 2151 2151 2151
1770 1785 1785 1785
1771 1704 1704 1704
1772 1913 1913 1913
1773 2389 2389 2389
1774 3091 3091 3091
1775 3958 3958 3958
1776 4918 4918 4918
1777 5890 5890 5890
1778 6790 6790 6790
1779 7541 7541 7541
1780 8077 8077 8077
1781 8346 8346 8346
1782 8320 8320 8320
1783 7993 7993 7993
1784 7387 7387 7387
1785 6548 6548 6548
1786 5545 5545 5545
1787 4466 4466 4466
1788 3408 3408 3408
1789 2472 2472 2472
1790 1749 1749 1749
1791 1317 1317 1317
1792 1228 1228 1228
1793 1503 1503 1503
1794 2128 2128 2128
1795 3054 3054 3054
1796 4200 4200 4200
1797 5457 5457 5457
1798 6705 6705 6705
1799 7815 7815 7815
1800 8672 8672 8672
1801 9178 9178 9178
1802 9272 9272 9272
1803 8931 8931 8931
1804 8180 8180 8180
1805 7084 7084 7084
1806 5750 5750 5750
1807 4310 4310 4310
1808 2913 2913 2913
1809 1707 1707 1707
1810 823 823 823
1811 359 359 359
1812 372 372 372
1813 870 870 870
1814 1807 1807 1807
1815 3090 3090 3090
1816 4587 4587 4587
1817 6142 6142 6142
1818 7591 7591 7591
1819 8778 8778 8778
1820 9576 9576 9576
1821 9896 9896 9896
1822 9704 9704 9704
1823 9016 9016 9016
1824 7906 7906 7906
1825 6490 6490 6490
1826 4918 4918 4918
1827 3358 3358 3358
1828 1975 1975 1975
1829 914 914 914
1830 286 286 286
1831 154 154 154
1832 529 529 529
1833 1365 1365 1365
1834 2571 2571 2571
1835 4016 4016 4016
1836 5545 5545 5545
1837 6998 6998 6998
1838 8224 8224 8224
1839 9099 9099 9099
1840 9540 9540 9540
1841 9509 9509 9509
1842 9019 9019 9019
1843 8130 8130 8130
1844 6943 6943 6943
1845 5586 5586 5586
1846 4200 4200 4200
1847 2926 2926 2926
1848 1890 1890 1890
1849 1188 1188 1188
1850 880 880 880
1851 986 986 986
1852 1481 1481 1481
1853 2304 2304 2304
1854 3365 3365 3365
1855 4553 4553 4553
1856 5750 5750 5750
1857 6842 6842 6842
1858 7729 7729 7729
1859 8335 8335 8335
1860 8614 8614 8614
1861 8551 8551 8551
1862 8163 8163 8163
1863 7498 7498 7498
1864 6622 6622 6622
1865 5621 5621 5621
1866 4587 4587 4587
1867 3611 3611 3611
1868 2776 2776 2776
1869 2151 2151 2151
1870 1785 1785 1785
1871 1704 1704 1704
1872 1913 1913 1913
1873 2389 2389 2389
1874 3091 3091 3091
1875 3958 3958 3958
1876 4918 4918 4918
1877 5890 5890 5890
1878 6790 6790 6790
1879 7541 7541 7541
1880 8077 8077 8077
1881 8346 8346 8346
1882 8320 8320 8320
1883 7993 7993 7993
1884 7387 7387 7387
1885 6548 6548 6548
1886 5545 5545 5545
1887 4466 4466 4466
1888 3408 3408 3408
1889 2472 2472 2472
1890 1749 1749 1749
1891 1317 1317 1317
1892 1228 1228 1228
1893 1503 1503 1503
1894 2128 2128 2128
1895 3054 3054 3054
1896 4200 4200 4200
1897 5457 5457 5457
1898 6705 6705 6705
1899 7815 7815 7815
1900 8672 8672 8672
1901 9178 9178 9178
1902 9272 9272 9272
1903 8931 8931 8931
1904 8180 8180 8180
1905 7084 7084 7084
1906 5750 5750 5750
1907 4310 4310 4310
1908 2913 2913 2913
1909 1707 1707 1707
1910 823 823 823
1911 359 359 359
1912 372 372 372
1913 870 870 870
1914 1807 1807 1807
1915 3090 3090 3090
1916 4587 4587 4587
1917 6142 6142 6142
1918 7591 7591 7591
1919 8778 8778 8778
1920 9576 9576 9576
1921 9896 9896 9896
1922 9704 9704 9704
1923 9016 9016 9016
1924 7906 7906 7906
1925 6490 6490 6490
1926 4918 4918 4918
1927 3358 3358 3358
1928 1975 1975 1975
1929 914 914 914
1930 286 286 286
1931 154 154 154
1932 529 529 529
1933 1365 1365 1365
1934 2571 2571 2571
1935 4016 4016 4016
1936 5545 5545 5545
1937 6998 6998 6998
1938 8224 8224 8224
1939 9099 9099 9099
1940 9540 9540 9540
1941 9509 9509 9509
1942 9019 9019 9019
1943 8130 8130 8130
1944 6943 6943 6943
1945 5586 5586 5586
1946 4200 4200 4200
1947 2926 2926 2926
1948 1890 1890 1890
1949 1188 1188 1188
1950 880 880 880
1951 986 986 986
1952 1481 1481 1481
1953 2304 2304 2304
1954 3365 3365 3365
1955 4553 4553 4553
1956 5750 5750 5750
1957 6842 6842 6842
1958 7729 7729 7729
1959 8335 8335 8335
1960 8614 8614 8614
1961 8551 8551 8551
1962 8163 8163 8163
1963 7498 7498 7498
1964 6622 6622 6622
1965 5621 5621 5621
1966 4587 4587 4587
1967 3611 3611 3611
1968 2776 2776 2776
1969 2151 2151 2151
1970 1785 1785 1785
1971 1704 1704 1704
1972 1913 1913 1913
1973 2389 2389 2389
1974 3091 3091 3091
1975 3958 3958 3958
1976 4918 4918 4918
1977 5890 5890 5890
1978 6790 6790 6790
1979 7541 7541 7541
1980 8077 8077 8077
1981 8346 8346 8346
1982 8320 8320 8320
1983 7993 7993 7993
1984 7387 7387 7387
1985 6548 6548 6548
1986 5545 5545 5545
1987 4466 4466 4466
1988 3408 3408 3408
1989 2472 2472 2472
1990 1749 1749 1749
1991 1317 1317 1317
1992 1228 1228 1228
1993 1503 1503 1503
1994 2128 2128 2128
1995 3054 3054 3054
1996 4200 4200 4200
1997 5457 5457 5457
1998 6705 6705 6705
1999 7815 7815 7815
2000 8672 8672 8672
2001 9178 9178 9178
2002 9272 9272 9272
2003 8931 8931 8931
2004 8180 8180 8180
2005 7084 7084 7084
2006 5750 5750 5750
2007 4310 4310 4310
2008 2913 2913 2913
2009 1707 1707 1707
2010 823 823 823
2011 359 359 359
2012 372 372 372
2013 870 870 870
2014 1807 1807 1807
2015 3090 3090 3090
2016 4587 4587 4587
2017 6142 6142 6142
2018 7591 7591 7591
2019 8778 8778 8778
2020 9576 9576 9576
2021 9896 9896 9896
2022 9704 9704 9704
2023 9016 9016 9016
2024 7906 7906 7906
2025 6490 6490 6490
2026 4918 4918 4918
2027 3358 3358 3358
2028 1975 1975 1975
2029 914 914 914
2030 286 286 286
2031 154 154 154
2032 529 529 529
2033 1365 1365 1365
2034 2571 2571 2571
2035 4016 4016 4016
2036 5545 5545 5545
2037 6998 6998 6998
2038 8224 8224 8224
2039 9099 9099 9099
2040 9540 9540 9540
2041 9509 9509 9509
2042 9019 9019 9019
2043 8130 8130 8130
2044 6943 6943 6943
2045 5586 5586 5586
2046 4200 4200 4200
2047 2926 2926 2926
2048 1890 1890 1890
2049 1188 1188 1188
2050 880 880 880
2051 986 986 986
2052 1481 1481 1481
2053 2304 2304 2304
2054 3365 3365 3365
2055 4553 4553 4553
2056 5750 5750 5750
2057 6842 6842 6842
2058 7729 7729 7729
2059 8335 8335 8335
2060 8614 8614 8614
2061 8551 8551 8551
2062 8163 8163 8163
2063 7498 7498 7498
2064 6622 6622 6622
2065 5621 5621 5621
2066 4587 4587 4587
2067 3611 3611 3611
2068 2776 2776 2776
2069 2151 2151 2151
2070 1785 1785 1785
2071 1704 1704 1704
2072 1913 1913 1913
2073 2389 2389 2389
2074 3091 3091 3091
2075 3958 3958 3958
2076 4918 4918 4918
2077 5890 5890 5890
2078 6790 6790 6790
2079 7541 7541 7541
2080 8077 8077 8077
2081 8346 8346 8346
2082 8320 8320 8320
2083 7993 7993 7993
2084 7387 7387 7387
2085 6548 6548 6548
2086 5545 5545 5545
2087 4466 4466 4466
2088 3408 3408 3408
2089 2472 2472 2472
2090 1749 1749 1749
2091 1317 1317 1317
2092 1228 1228 1228
2093 1503 1503 1503
2094 2128 2128 2128
2095 3054 3054 3054
2096 4200 4200 4200
2097 5457 5457 5457
2098 6705 6705 6705
2099 7815 7815 7815
2100 8672 8672 8672
2101 9178 9178 9178
2102 9272 9272 9272
2103 8931 8931 8931
2104 8180 8180 8180
2105 7084 7084 7084
2106 5750 5750 5750
2107 4310 4310 4310
2108 2913 2913 2913
2109 1707 1707 1707
2110 823 823 823
2111 359 359 359
2112 372 372 372
2113 870 870 870
2114 1807 1807 1807
2115 3090 3090 3090
2116 4587 4587 4587
2117 6142 6142 6142
2118 7591 7591 7591
2119 8778 8778 8778
2120 9576 9576 9576
2121 9896 9896 9896
2122 9704 9704 9704
2123 9016 9016 9016
2124 7906 7906 7906
2125 6490 6490 6490
2126 4918 4918 4918
2127 3358 3358 3358
2128 1975 1975 1975
2129 914 914 914
2130 286 286 286
2131 154 154 154
2132 529 529 529
2133 1365 1365 1365
2134 2571 2571 2571
2135 4016 4016 4016
2136 5545 5545 5545
2137 6998 6998 6998
2138 8224 8224 8224
2139 9099 9099 9099
2140 9540 9540 9540
2141 9509 9509 9509
2142 9019 9019 9019
2143 8130 8130 8130
2144 6943 6943 6943
2145 5586 5586 5586
2146 4200 4200 4200
2147 2926 2926 2926
2148 1890 1890 1890
2149 1188 1188 1188
2150 880 880 880
2151 986 986 986
2152 1481 1481 1481
2153 2304 2304 2304
2154 3365 3365 3365
2155 4553 4553 4553
2156 5750 5750 5750
2157 6842 6842 6842
2158 7729 7729 7729
2159 8335 8335 8335
2160 8614 8614 8614
2161 8551 8551 8551
2162 8163 8163 8163
2163 7498 7498 7498
2164 6622 6622 6622
2165 5621 5621 5621
2166 4587 4587 4587
2167 3611 3611 3611
2168 2776 2776 2776
2169 2151 2151 2151
2170 1785 1785 1785
2171 1704 1704 1704
2172 1913 1913 1913
2173 2389 2389 2389
2174 3091 3091 3091
2175 3958 3958 3958
2176 4918 4918 4918
2177 5890 5890 5890
2178 6790 6790 6790
2179 7541 7541 7541
2180 8077 8077 8077
2181 8346 8346 8346
2182 8320 8320 8320
2183 7993 7993 7993
2184 7387 7387 7387
2185 6548 6548 6548
2186 5545 5545 5545
2187 4466 4466 4466
2188 3408 3408 3408
2189 2472 2472 2472
2190 1749 1749 1749
2191 1317 1317 1317
2192 1228 1228 1228
2193 1503 1503 1503
2194 2128 2128 2128
2195 3054 3054 3054
2196 4200 4200 4200
2197 5457 5457 5457
2198 6705 6705 6705
2199 7815 7815 7815
2200 8672 8672 8672
2201 9178 9178 9178
2202 9272 9272 9272
2203 8931 8931 8931
2204 8180 8180 8180
2205 7084 7084 7084
2206 5750 5750 5750
2207 4310 4310 4310
2208 2913 2913 2913
2209 1707 1707 1707
2210 823 823 823
2211 359 359 359
2212 372 372 372
2213 870 870 870
2214 1807 1807 1807
2215 3090 3090 3090
2216 4587 4587 4587
2217 6142 6142 6142
2218 7591 7591 7591
2219 8778 8778 8778
2220 9576 9576 9576
2221 9896 9896 9896
2222 9704 9704 9704
2223 9016 9016 9016
2224 7906 7906 7906
2225 6490 6490 6490
2226 4918 4918 4918
2227 3358 3358 3358
2228 1975 1975 1975
2229 914 914 914
2230 286 286 286
2231 154 154 154
2232 529 529 529
2233 1365 1365 1365
2234 2571 2571 2571
2235 4016 4016 4016
2236 5545 5545 5545
2237 6998 6998 6998
2238 8224 8224 8224
2239 9099 9099 9099
2240 9540 9540 9540
2241 9509 9509 9509
2242 9019 9019 9019
2243 8130 8130 8130
2244 6943 6943 6943
2245 5586 5586 5586
2246 4200 4200 4200
2247 2926 2926 2926
2248 1890 1890 1890
2249 1188 1188 1188
2250 880 880 880
2251 986 986 986
2252 1481 1481 1481
2253 2304 2304 2304
2254 3365 3365 3365
2255 4553 4553 4553
2256 5750 5750 5750
2257 6842 6842 6842
2258 7729 7729 7729
2259 8335 8335 8335
2260 8614 8614 8614
2261 8551 8551 8551
2262 8163 8163 8163
2263 7498 7498 7498
2264 6622 6622 6622
2265 5621 5621 5621
2266 4587 4587 4587
2267 3611 3611 3611
2268 2776 2776 2776
2269 2151 2151 2151
2270 1785 1785 1785
2271 1704 1704 1704
2272 1913 1913 1913
2273 2389 2389 2389
2274 3091 3091 3091
2275 3958 3958 3958
2276 4918 4918 4918
2277 5890 5890 5890
2278 6790 6790 6790
2279 7541 7541 7541
2280 8077 8077 8077
2281 8346 8346 8346
2282 8320 8320 8320
2283 7993 7993 7993
2284 7387 7387 7387
2285 6548 6548 6548
2286 5545 5545 5545
2287 4466 4466 4466
2288 3408 3408 3408
2289 2472 2472 2472
2290 1749 1749 1749
2291 1317 1317 1317
2292 1228 1228 1228
2293 1503 1503 1503
2294 2128 2128 2128
2295 3054 3054 3054
2296 4200 4200 4200
2297 5457 5457 5457
2298 6705 6705 6705
2299 7815 7815 7815
2300 8672 8672 8672
2301 9178 9178 9178
2302 9272 9272 9272
2303 8931 8931 8931
2304 8180 8180 8180
2305 7084 7084 7084
2306 5750 5750 5750
2307 4310 4310 4310
2308 2913 2913 2913
2309 1707 1707 1707
2310 823 823 823
2311 359 359 359
2312 372 372 372
2313 870 870 870
2314 1807 1807 1807
2315 3090 3090 3090
2316 4587 4587 4587
2317 6142 6142 6142
2318 7591 7591 7591
2319 8778 8778 8778
2320 9576 9576 9576
2321 9896 9896 9896
2322 9704 9704 9704
2323 9016 9016 9016
2324 7906 7906 7906
2325 6490 6490 6490
2326 4918 4918 4918
2327 3358 3358 3358
2328 1975 1975 1975
2329 914 914 914
2330 286 286 286
2331 154 154 154
2332 529 529 529
2333 1365 1365 1365
2334 2571 2571 2571
2335 4016 4016 4016
2336 5545 5545 5545
2337 6998 6998 6998
2338 8224 8224 8224
2339 9099 9099 9099
2340 9540 9540 9540
2341 9509 9509 9509
2342 9019 9019 9019
2343 8130 8130 8130
2344 6943 6943 6943
2345 5586 5586 5586
2346 4200 4200 4200
2347 2926 2926 2926
2348 1890 1890 1890
2349 1188 1188 1188
2350 880 880 880
2351 986 986 986
2352 1481 1481 1481
2353 2304 2304 2304
2354 3365 3365 3365
2355 4553 4553 4553
2356 5750 5750 5750
2357 6842 6842 6842
2358 7729 7729 7729
2359 8335 8335 8335
2360 8614 8614 8614
2361 8551 8551 8551
2362 8163 8163 8163
2363 7498 7498 7498
2364 6622 6622 6622
2365 5621 5621 5621
2366 4587 4587 4587
2367 3611 3611 3611
2368 2776 2776 2776
2369 2151 2151 2151
2370 1785 1785 1785
2371 1704 1704 1704
2372 1913 1913 1913
2373 2389 2389 2389
2374 3091 3091 3091
2375 3958 3958 3958
2376 4918 4918 4918
2377 5890 5890 5890
2378 6790 6790 6790
2379 7541 7541 7541
2380 8077 8077 8077
2381 8346 8346 8346
2382 8320 8320 8320
2383 7993 7993 7993
2384 7387 7387 7387
2385 6548 6548 6548
2386 5545 5545 5545
2387 4466 4466 4466
2388 3408 3408 3408
2389 2472 2472 2472
2390 1749 1749 1749
2391 1317 1317 1317
2392 1228 1228 1228
2393 1503 1503 1503
2394 2128 2128 2128
2395 3054 3054 3054
2396 4200 4200 4200
2397 5457 5457 5457
2398 6705 6705 6705
2399 7815 7815 7815
2400 8672 8672 8672
2401 9178 9178 9178
2402 9272 9272 9272
2403 8931 8931 8931
2404 8180 8180 8180
2405 7084 7084 7084
2406 5750 5750 5750
2407 4310 4310 4310
2408 2913 2913 2913
2409 1707 1707 1707
2410 823 823 823
2411 359 359 359
2412 372 372 372
2413 870 870 870
2414 1807 1807 1807
2415 3090 3090 3090
2416 4587 4587 4587
2417 6142 6142 6142
2418 7591 7591 7591
2419 8778 8778 8778
2420 9576 9576 9576
2421 9896 9896 9896
2422 9704 9704 9704
2423 9016 9016 9016
2424 7906 7906 7906
2425 6490 6490 6490
2426 4918 4918 4918
2427 3358 3358 3358
2428 1975 1975 1975
2429 914 914 914
2430 286 286 286
2431 154 154 154
2432 529 529 529
2433 1365 1365 1365
2434 2571 2571 2571
2435 4016 4016 4016
2436 5545 5545 5545
2437 6998 6998 6998
2438 8224 8224 8224
2439 9099 9099 9099
2440 9540 9540 9540
2441 9509 9509 9509
2442 9019 9019 9019
2443 8130 8130 8130
2444 6943 6943 6943
2445 5586 5586 5586
2446 4200 4200 4200
2447 2926 2926 2926
2448 1890 1890 1890
2449 1188 1188 1188
2450 880 880 880
2451 986 986 986
2452 1481 1481 1481
2453 2304 2304 2304
2454 3365 3365 3365
2455 4553 4553 4553
2456 5750 5750 5750
2457 6842 6842 6842
2458 7729 7729 7729
2459 8335 8335 8335
2460 8614 8614 8614
2461 8551 8551 8551
2462 8163 8163 8163
2463 7498 7498 7498
2464 6622 6622 6622
2465 5621 5621 5621
2466 4587 4587 4587
2467 3611 3611 3611
2468 2776 2776 2776
2469 2151 2151 2151
2470 1785 1785 1785
2471 1704 1704 1704
2472 1913 1913 1913
2473 2389 2389 2389
2474 3091 3091 3091
2475 3958 3958 3958
2476 4918 4918 4918
2477 5890 5890 5890
2478 6790 6790 6790
2479 7541 7541 7541
2480 8077 8077 8077
2481 8346 8346 8346
2482 8320 8320 8320
2483 7993 7993 7993
2484 7387 7387 7387
2485 6548 6548 6548
2486 5545 5545 5545
2487 4466 4466 4466
2488 3408 3408 3408
2489 2472 2472 2472
2490 1749 1749 1749
2491 1317 1317 1317
2492 1228 1228 1228
2493 1503 1503 1503
2494 2128 2128 2128
2495 3054 3054 3054
2496 4200 4200 4200
2497 5457 5457 5457
2498 6705 6705 6705
2499 7815 7815 7815
2500 8672 8672 8672
2501 9178 9178 9178
2502 9272 9272 9272
2503 8931 8931 8931
2504 8180 8180 8180
2505 7084 7084 7084
2506 5750 5750 5750
2507 4310 4310 4310
2508 2913 2913 2913
2509 1707 1707 1707
2510 823 823 823
2511 359 359 359
2512 372 372 372
2513 870 870 870
2514 1807 1807 1807
2515 3090 3090 3090
2516 4587 4587 4587
2517 6142 6142 6142
2518 7591 7591 7591
2519 8778 8778 8778
2520 9576 9576 9576
2521 9896 9896 9896
2522 9704 9704 9704
2523 9016 9016 9016
2524 7906 7906 7906
2525 6490 6490 6490
2526 4918 4918 4918
2527 3358 3358 3358
2528 1975 1975 1975
2529 914 914 914
2530 286 286 286
2531 154 154 154
2532 529 529 529
2533 1365 1365 1365
2534 2571 2571 2571
2535 4016 4016 4016
2536 5545 5545 5545
2537 6998 6998 6998
2538 8224 8224 8224
2539 9099 9099 9099
2540 9540 9540 9540
2541 9509 9509 9509
2542 9019 9019 9019
2543 8130 8130 8130
2544 6943 6943 6943
2545 5586 5586 5586
2546 4200 4200 4200
2547 2926 2926 2926
2548 1890 1890 1890
2549 1188 1188 1188
2550 880 880 880
2551 986 986 986
2552 1481 1481 1481
2553 2304 2304 2304
2554 3365 3365 3365
2555 4553 4553 4553
2556 5750 5750 5750
2557 6842 6842 6842
2558 7729 7729 7729
2559 8335 8335 8335
2560 8614 8614 8614
2561 8551 8551 8551
2562 8163 8163 8163
2563 7498 7498 7498
2564 6622 6622 6622
2565 5621 5621 5621
2566 4587 4587 4587
2567 3611 3611 3611
2568 2776 2776 2776
2569 2151 2151 2151
2570 1785 1785 1785
2571 1704 1704 1704
2572 1913 1913 1913
2573 2389 2389 2389
2574 3091 3091 3091
2575 3958 3958 3958
2576 4918 4918 4918
2577 5890 5890 5890
2578 6790 6790 6790
2579 7541 7541 7541
2580 8077 8077 8077
2581 8346 8346 8346
2582 8320 8320 8320
2583 7993 7993 7993
2584 7387 7387 7387
2585 6548 6548 6548
2586 5545 5545 5545
2587 4466 4466 4466
2588 3408 3408 3408
2589 2472 2472 2472
2590 1749 1749 1749
2591 1317 1317 1317
2592 1228 1228 1228
2593 1503 1503 1503
2594 2128 2128 2128
2595 3054 3054 3054
2596 4200 4200 4200
2597 5457 5457 5457
2598 6705 6705 6705
2599 7815 7815 7815
2600 8672 8672 8672
2601 9178 9178 9178
2602 9272 9272 9272
2603 8931 8931 8931
2604 8180 8180 8180
2605 7084 7084 7084
2606 5750 5750 5750
2607 4310 4310 4310
2608 2913 2913 2913
2609 1707 1707 1707
2610 823 823 823
2611 359 359 359
2612 372 372 372
2613 870 870 870
2614 1807 1807 1807
2615 3090 3090 3090
2616 4587 4587 4587
2617 6142 6142 6142
2618 7591 7591 7591
2619 8778 8778 8778
2620 9576 9576 9576
2621 9896 9896 9896
2622 9704 9704 9704
2623 9016 9016 9016
2624 7906 7906 7906
2625 6490 6490 6490
2626 4918 4918 4918
2627 3358 3358 3358
2628 1975 1975 1975
2629 914 914 914
2630 286 286 286
2631 154 154 154
2632 529 529 529
2633 1365 1365 1365
2634 2571 2571 2571
2635 4016 4016 4016
2636 5545 5545 5545
2637 6998 6998 6998
2638 8224 8224 8224
2639 9099 9099 9099
2640 9540 9540 9540
2641 9509 9509 9509
2642 9019 9019 9019
2643 8130 8130 8130
2644 6943 6943 6943
2645 5586 5586 5586
2646 4200 4200 4200
2647 2926 2926 2926
2648 1890 1890 1890
2649 1188 1188 1188
2650 880 880 880
2651 986 986 986
2652 1481 1481 1481
2653 2304 2304 2304
2654 3365 3365 3365
2655 4553 4553 4553
2656 5750 5750 5750
2657 6842 6842 6842
2658 7729 7729 7729
2659 8335 8335 8335
2660 8614 8614 8614
2661 8551 8551 8551
2662 8163 8163 8163
2663 7498 7498 7498
2664 6622 6622 6622
2665 5621 5621 5621
2666 4587 4587 4587
2667 3611 3611 3611
2668 2776 2776 2776
2669 2151 2151 2151
2670 1785 1785 1785
2671 1704 1704 1704
2672 1913 1913 1913
2673 2389 2389 2389
2674 3091 3091 3091
2675 3958 3958 3958
2676 4918 4918 4918
2677 5890 5890 5890
2678 6790 6790 6790
2679 7541 7541 7541
2680 8077 8077 8077
2681 8346 8346 8346
2682 8320 8320 8320
2683 7993 7993 7993
2684 7387 7387 7387
2685 6548 6548 6548
2686 5545 5545 5545
2687 4466 4466 4466
2688 3408 3408 3408
2689 2472 2472 2472
2690 1749 1749 1749
2691 1317 1317 1317
2692 1228 1228 1228
2693 1503 1503 1503
2694 2128 2128 2128
2695 3054 3054 3054
2696 4200 4200 4200
2697 5457 5457 5457
2698 6705 6705 6705
2699 7815 7815 7815
2700 8672 8672 8672
2701 9178 9178 9178
2702 9272 9272 9272
2703 8931 8931 8931
2704 8180 8180 8180
2705 7084 7084 7084
2706 5750 5750 5750
2707 4310 4310 4310
2708 2913 2913 2913
2709 1707 1707 1707
2710 823 823 823
2711 359 359 359
2712 372 372 372
2713 870 870 870
2714 1807 1807 1807
2715 3090 3090 3090
2716 4587 4587 4587
2717 6142 6142 6142
2718 7591 7591 7591
2719 8778 8778 8778
2720 9576 9576 9576
2721 9896 9896 9896
2722 9704 9704 9704
2723 9016 9016 9016
2724 7906 7906 7906
2725 6490 6490 6490
2726 4918 4918 4918
2727 3358 3358 3358
2728 1975 1975 1975
2729 914 914 914
2730 286 286 286
2731 154 154 154
2732 529 529 529
2733 1365 1365 1365
2734 2571 2571 2571
2735 4016 4016 4016
2736 5545 5545 5545
2737 6998 6998 6998
2738 8224 8224 8224
2739 9099 9099 9099
2740 9540 9540 9540
2741 9509 9509 9509
2742 9019 9019 9019
2743 8130 8130 8130
2744 6943 6943 6943
2745 5586 5586 5586
2746 4200 4200 4200
2747 2926 2926 2926
2748 1890 1890 1890
2749 1188 1188 1188
2750 880 880 880
2751 986 986 986
2752 1481 1481 1481
2753 2304 2304 2304
2754 3365 3365 3365
2755 4553 4553 4553
2756 5750 5750 5750
2757 6842 6842 6842
2758 7729 7729 7729
2759 8335 8335 8335
2760 8614 8614 8614
2761 8551 8551 8551
2762 8163 8163 8163
2763 7498 7498 7498
2764 6622 6622 6622
2765 5621 5621 5621
2766 4587 4587 4587
2767 3611 3611 3611
2768 2776 2776 2776
2769 2151 2151 2151
2770 1785 1785 1785
2771 1704 1704 1704
2772 1913 1913 1913
2773 2389 2389 2389
2774 3091 3091 3091
2775 3958 3958 3958
2776 4918 4918 4918
2777 5890 5890 5890
2778 6790 6790 6790
2779 7541 7541 7541
2780 8077 8077 8077
2781 8346 8346 8346
2782 8320 8320 8320
2783 7993 7993 7993
2784 7387 7387 7387
2785 6548 6548 6548
2786 5545 5545 5545
2787 4466 4466 4466
2788 3408 3408 3408
2789 2472 2472 2472
2790 1749 1749 1749
2791 1317 1317 1317
2792 1228 1228 1228
2793 1503 1503 1503
2794 2128 2128 2128
2795 3054 3054 3054
2796 4200 4200 4200
2797 5457 5457 5457
2798 6705 6705 6705
2799 7815 7815 7815
2800 8672 8672 8672
2801 9178 9178 9178
2802 9272 9272 9272
2803 8931 8931 8931
2804 8180 8180 8180
2805 7084 7084 7084
2806 5750 5750 5750
2807 4310 4310 4310
2808 2913 2913 2913
2809 1707 1707 1707
2810 823 823 823
2811 359 359 359
2812 372 372 372
2813 870 870 870
2814 1807 1807 1807
2815 3090 3090 3090
2816 4587 4587 4587
2817 6142 6142 6142
2818 7591 7591 7591
2819 8778 8778 8778
2820 9576 9576 9576
2821 9896 9896 9896
2822 9704 9704 9704
2823 9016 9016 9016
2824 7906 7906 7906
2825 6490 6490 6490
2826 4918 4918 4918
2827 3358 3358 3358
2828 1975 1975 1975
2829 914 914 914
2830 286 286 286
2831 154 154 154
2832 529 529 529
2833 1365 1365 1365
2834 2571 2571 2571
2835 4016 4016 4016
2836 5545 5545 5545
2837 6998 6998 6998
2838 8224 8224 8224
2839 9099 9099 9099
2840 9540 9540 9540
2841 9509 9509 9509
2842 9019 9019 9019
2843 8130 8130 8130
2844 6943 6943 6943
2845 5586 5586 5586
2846 4200 4200 4200
2847 2926 2926 2926
2848 1890 1890 1890
2849 1188 1188 1188
2850 880 880 880
2851 986 986 986
2852 1481 1481 1481
2853 2304 2304 2304
2854 3365 3365 3365
2855 4553 4553 4553
2856 5750 5750 5750
2857 6842 6842 6842
2858 7729 7729 7729
2859 8335 8335 8335
2860 8614 8614 8614
2861 8551 8551 8551
2862 8163 8163 8163
2863 7498 7498 7498
2864 6622 6622 6622
2865 5621 5621 5621
2866 4587 4587 4587
2867 3611 3611 3611
2868 2776 2776 2776
2869 2151 2151 2151
2870 1785 1785 1785
2871 1704 1704 1704
2872 1913 1913 1913
2873 2389 2389 2389
2874 3091 3091 3091
2875 3958 3958 3958
2876 4918 4918 4918
2877 5890 5890 5890
2878 6790 6790 6790
2879 7541 7541 7541
2880 8077 8077 8077
2881 8346 8346 8346
2882 8320 8320 8320
2883 7993 7993 7993
2884 7387 7387 7387
2885 6548 6548 6548
2886 5545 5545 5545
2887 4466 4466 4466
2888 3408 3408 3408
2889 2472 2472 2472
2890 1749 1749 1749
2891 1317 1317 1317
2892 1228 1228 1228
2893 1503 1503 1503
2894 2128 2128 2128
2895 3054 3054 3054
2896 4200 4200 4200
2897 5457 5457 5457
2898 6705 6705 6705
2899 7815 7815 7815
2900 8672 8672 8672
2901 9178 9178 9178
2902 9272 9272 9272
2903 8931 8931 8931
2904 8180 8180 8180
2905 7084 7084 7084
2906 5750 5750 5750
2907 4310 4310 4310
2908 2913 2913 2913
2909 1707 1707 1707
2910 823 823 823
2911 359 359 359
2912 372 372 372
2913 870 870 870
2914 1807 1807 1807
2915 3090 3090 3090
2916 4587 4587 4587
2917 6142 6142 6142
2918 7591 7591 7591
2919 8778 8778 8778
2920 9576 9576 9576
2921 9896 9896 9896
2922 9704 9704 9704
2923 9016 9016 9016
2924 7906 7906 7906
2925 6490 6490 6490
2926 4918 4918 4918
2927 3358 3358 3358
2928 1975 1975 1975
2929 914 914 914
2930 286 286 286
2931 154 154 154
2932 529 529 529
2933 1365 1365 1365
2934 2571 2571 2571
2935 4016 4016 4016
2936 5545 5545 5545
2937 6998 6998 6998
2938 8224 8224 8224
2939 9099 9099 9099
2940 9540 9540 9540
2941 9509 9509 9509
2942 9019 9019 9019
2943 8130 8130 8130
2944 6943 6943 6943
2945 5586 5586 5586
2946 4200 4200 4200
2947 2926 2926 2926
2948 1890 1890 1890
2949 1188 1188 1188
2950 880 880 880
2951 986 986 986
2952 1481 1481 1481
2953 2304 2304 2304
2954 3365 3365 3365
2955 4553 4553 4553
2956 5750 5750 5750
2957 6842 6842 6842
2958 7729 7729 7729
2959 8335 8335 8335
2960 8614 8614 8614
2961 8551 8551 8551
2962 8163 8163 8163
2963 7498 7498 7498
2964 6622 6622 6622
2965 5621 5621 5621
2966 4587 4587 4587
2967 3611 3611 3611
2968 2776 2776 2776
2969 2151 2151 2151
2970 1785 1785 1785
2971 1704 1704 1704
2972 1913 1913 1913
2973 2389 2389 2389
2974 3091 3091 3091
2975 3958 3958 3958
2976 4918 4918 4918
2977 5890 5890 5890
2978 6790 6790 6790
2979 7541 7541 7541
2980 8077 8077 8077
2981 8346 8346 8346
2982 8320 8320 8320
2983 7993 7993 7993
2984 7387 7387 7387
2985 6548 6548 6548
2986 5545 5545 5545
2987 4466 4466 4466
2988 3408 3408 3408
2989 2472 2472 2472
2990 1749 1749 1749
2991 1317 1317 1317
2992 1228 1228 1228
2993 1503 1503 1503
2994 2128 2128 2128
2995 3054 3054 3054
2996 4200 4200 4200
2997 5457 5457 5457
2998 6705 6705 6705
2999 7815 7815 7815
3000 8672 8672 8672
